100|101|2|16|1|3|5d606f7802|1|1516323596029
100|101|2|16|1|3|5d606f7802|1|1516323597007
100|101|2|16|1|3|5d646f7802|1|1516323598382
100|101|2|16|1|3|5d646f8802|1|1516323598936
100|101|2|16|1|3|5d686f8802|1|1516323599977
100|101|2|16|1|3|5d686f9802|1|1516323601007
100|101|2|16|1|3|5d6c6fac02|1|1516323601926
100|101|2|16|1|3|5d706fac02|1|1516323603033
100|101|2|16|1|3|5d706fac02|1|1516323603959
100|101|2|16|1|3|5d706fbc02|1|1516323604876
100|101|2|16|1|3|5d746fbc02|1|1516323605897
100|101|2|16|1|3|5d746fbc02|1|1516323606925
100|101|2|16|1|3|5d746fbc02|1|1516323608358
100|101|2|16|1|3|5d786fbc02|1|1516323608970
100|101|2|16|1|3|5d786fbc02|1|1516323609891
100|101|2|16|1|3|5d786fcc02|1|1516323610923
100|101|2|16|1|3|5d7c6fcc02|1|1516323612350
100|101|2|16|1|3|5d7c6ff802|1|1516323612964
100|101|2|16|1|3|5d7c6ff002|1|1516323614399
100|101|2|16|1|3|5d806ff802|1|1516323614910
100|101|2|16|1|3|5d806ff802|1|1516323615936
100|101|2|16|1|3|5d806ff802|1|1516323616957
100|101|2|16|1|3|5d806ff802|1|1516323617984
100|101|2|16|1|3|5d846ff802|1|1516323619110
100|101|2|16|1|3|5d886fd802|1|1516323620073
100|101|2|16|1|3|5d886fd802|1|1516323620971
100|101|2|16|1|3|5d886fd802|1|1516323621998
100|101|2|16|1|3|5d8c6ff802|1|1516323622999
100|101|2|16|1|3|5d906ff802|1|1516323623926
100|101|2|16|1|3|5d946ff802|1|1516323624979
100|101|2|16|1|3|5d946ff802|1|1516323626203
100|101|2|16|1|3|5d94700c02|1|1516323627436
100|101|2|16|1|3|5d98700c02|1|1516323628436
100|101|2|16|1|3|5d98700c02|1|1516323628940
100|101|2|16|1|3|5d98700c02|1|1516323629965
100|101|2|16|1|3|5d9c700c02|1|1516323631032
100|101|2|16|1|3|5da0701c02|1|1516323632028
100|101|2|16|1|3|5da0701c02|1|1516323633167
100|101|2|16|1|3|5da4701c02|1|1516323634071
100|101|2|16|1|3|5da4701c02|1|1516323634993
100|101|2|16|1|3|5da4701c02|1|1516323636005
100|101|2|16|1|3|5da8702c02|1|1516323636949
100|101|2|16|1|3|5da8704002|1|1516323637951
100|101|2|16|1|3|5dac704002|1|1516323638979
100|101|2|16|1|3|5dac704002|1|1516323640416
100|101|2|16|1|3|5db0704002|1|1516323641008
100|101|2|16|1|3|5db0704002|1|1516323641947
100|101|2|16|1|3|5db8705002|1|1516323642968
100|101|2|16|1|3|5db8705002|1|1516323644406
100|101|2|16|1|3|5db8705c02|1|1516323644916
100|101|2|16|1|3|5dbc705c02|1|1516323646176
100|101|2|16|1|3|5dc0705c02|1|1516323646968
100|101|2|16|1|3|5dc0705c02|1|1516323648012
100|101|2|16|1|3|5dc4705c02|1|1516323649009
100|101|2|16|1|3|5dc8705c02|1|1516323650139
100|101|2|16|1|3|5dcc704802|1|1516323650963
100|101|2|16|1|3|5dcc704802|1|1516323652113
100|101|2|16|1|3|5dcc704802|1|1516323653102
100|101|2|16|1|3|5dcc704802|1|1516323654061
100|101|2|16|1|3|5dcc705c02|1|1516323655077
100|101|2|16|1|3|5dd0706c02|1|1516323656591
100|101|2|16|1|3|5dd4706c02|1|1516323657102
100|101|2|16|1|3|5dd4706c02|1|1516323658027
100|101|2|16|1|3|5dd8706c02|1|1516323659081
100|101|2|16|1|3|5dd8706c02|1|1516323660070
100|101|2|16|1|3|5ddc706c02|1|1516323661101
100|101|2|16|1|3|5dd8706c02|1|1516323662082
100|101|2|16|1|3|5ddc705c02|1|1516323663041
100|101|2|16|1|3|5ddc704802|1|1516323664282
100|101|2|16|1|3|5ddc704802|1|1516323665119
100|101|2|16|1|3|5de0704802|1|1516323666009
100|101|2|16|1|3|5de4704802|1|1516323667227
100|101|2|16|1|3|5de4704802|1|1516323668367
100|101|2|16|1|3|5de4704802|1|1516323669185
100|101|2|16|1|3|5de4706c02|1|1516323670006
100|101|2|16|1|3|5de8707c02|1|1516323671028
100|101|2|16|1|3|5de8708c02|1|1516323672054
100|101|2|16|1|3|5de870a002|1|1516323673116
100|101|2|16|1|3|5dec70a002|1|1516323674031
100|101|2|16|1|3|5dec70a002|1|1516323675022
100|101|2|16|1|3|5dec70a002|1|1516323676047
100|101|2|16|1|3|5df070a002|1|1516323677315
100|101|2|16|1|3|5df4708c02|1|1516323678251
100|101|2|16|1|3|5df4708c02|1|1516323679016
100|101|2|16|1|3|5df4706c02|1|1516323680145
100|101|2|16|1|3|5df4706c02|1|1516323681048
100|101|2|16|1|3|5df8705c02|1|1516323682197
100|101|2|16|1|3|5df8703802|1|1516323683139
100|101|2|16|1|3|5dfc702802|1|1516323684050
100|101|2|16|1|3|5dfc700402|1|1516323685059
100|101|2|16|1|3|5e046fec02|1|1516323686091
100|101|2|16|1|3|5e086fdc02|1|1516323687106
100|101|2|16|1|3|5e086fdc02|1|1516323688237
100|101|2|16|1|3|5e086fdc02|1|1516323689695
100|101|2|16|1|3|5e0c6fdc02|1|1516323690087
100|101|2|16|1|3|5e106fcc02|1|1516323691324
100|101|2|16|1|3|5e146fb802|1|1516323692681
100|101|2|16|1|3|5e146f9802|1|1516323693654
100|101|2|16|1|3|5e186f9802|1|1516323694069
100|101|2|16|1|3|5e186f9802|1|1516323695602